326
310,,N,2 0 0 0 0.0415 0.0015625,1.0;
6832;
68,,N,2 0 0 0 0.0415 0.0015625,1.0;
104002;
118,,N,2 0 0 0 0.0415 0.0015625,1.0;
21782;
125,,N,2 0 0 0 0.0415 0.0015625,1.0;
1039;
145,,N,2 0 0 0 0.0415 0.0015625,1.0;
243,,C,2 0 0 0 0.184 0.00040244,1.0;
15739;
168,,C,2 0 0 0 0.184 0.00040244,1.0;
46975;
78,,C,2 0 0 0 0.184 0.00040244,1.0;
1043;
93,,C,2 0 0 0 0.184 0.00040244,1.0;
17474;
75,,C,2 0 0 0 0.184 0.00040244,1.0;
1967;
165,,C,2 0 0 0 0.184 0.00040244,1.0;
3166;
171,,C,2 0 0 0 0.184 0.00040244,1.0;
3169;
138,,C,2 0 0 0 0.184 0.00040244,1.0;
4737;
135,,C,2 0 0 0 0.184 0.00040244,1.0;
12335;
135,,C,2 0 0 0 0.184 0.00040244,1.0;
40578;
153,,C,2 0 0 0 0.184 0.00040244,1.0;
9728;
150,,C,2 0 0 0 0.184 0.00040244,1.0;
9784;
120,,C,2 0 0 0 0.184 0.00040244,1.0;
5442;
78,,C,2 0 0 0 0.184 0.00040244,1.0;
13315;
159,,C,2 0 0 0 0.184 0.00040244,1.0;
6732;
201,,C,2 0 0 0 0.184 0.00040244,1.0;
5773,,N,2 0 0 0 0.0415 0.0015625,1.0;
1136;
957,,N,2 0 0 0 0.0415 0.0015625,1.0;
63,,C,2 0 0 0 0.184 0.00040244,1.0;
1253;
144,,C,2 0 0 0 0.184 0.00040244,1.0;
7938;
114,,C,2 0 0 0 0.184 0.00040244,1.0;
36673;
99,,C,2 0 0 0 0.184 0.00040244,1.0;
47570;
93,,C,2 0 0 0 0.184 0.00040244,1.0;
1385;
45,,C,2 0 0 0 0.184 0.00040244,1.0;
161106;
123,,C,2 0 0 0 0.184 0.00040244,1.0;
5411;
204,,C,2 0 0 0 0.184 0.00040244,1.0;
64,,N,2 0 0 0 0.0415 0.0015625,1.0;
16462;
119,,N,2 0 0 0 0.0415 0.0015625,1.0;
102964;
136,,N,2 0 0 0 0.0415 0.0015625,1.0;
60,,C,2 0 0 0 0.184 0.00040244,1.0;
5622;
108,,N,2 0 0 0 0.0415 0.0015625,1.0;
760;
48,,C,2 0 0 0 0.184 0.00040244,1.0;
12539;
54,,N,2 0 0 0 0.0415 0.0015625,1.0;
1387;
99,,C,2 0 0 0 0.184 0.00040244,1.0;
2609;
51,,C,2 0 0 0 0.184 0.00040244,1.0;
1375;
240,,C,2 0 0 0 0.184 0.00040244,1.0;
3427;
517,,N,2 0 0 0 0.0415 0.0015625,1.0;
96,,C,2 0 0 0 0.184 0.00040244,1.0;
1269;
99,,N,2 0 0 0 0.0415 0.0015625,1.0;
1922;
99,,C,2 0 0 0 0.184 0.00040244,1.0;
1405;
174,,C,2 0 0 0 0.184 0.00040244,1.0;
3464;
33,,N,2 0 0 0 0.0415 0.0015625,1.0;
1380;
125,,N,2 0 0 0 0.0415 0.0015625,1.0;
20696;
102,,C,2 0 0 0 0.184 0.00040244,1.0;
3355;
66,,C,2 0 0 0 0.184 0.00040244,1.0;
172,,N,2 0 0 0 0.0415 0.0015625,1.0;
16527;
108,,N,2 0 0 0 0.0415 0.0015625,1.0;
151;
33,,N,2 0 0 0 0.0415 0.0015625,1.0;
159,,C,2 0 0 0 0.184 0.00040244,1.0;
796;
84,,C,2 0 0 0 0.184 0.00040244,1.0;
16947;
132,,C,2 0 0 0 0.184 0.00040244,1.0;
2029;
63,,C,2 0 0 0 0.184 0.00040244,1.0;
3547;
66,,C,2 0 0 0 0.184 0.00040244,1.0;
3211;
88,,N,2 0 0 0 0.0415 0.0015625,1.0;
124;
48,,C,2 0 0 0 0.184 0.00040244,1.0;
1587;
165,,C,2 0 0 0 0.184 0.00040244,1.0;
4740;
72,,C,2 0 0 0 0.184 0.00040244,1.0;
517;
1422,,C,2 0 0 0 0.184 0.00040244,1.0;
4692,,N,2 0 0 0 0.0415 0.0015625,1.0;
5147;
359,,N,2 0 0 0 0.0415 0.0015625,1.0;
69,,C,2 0 0 0 0.184 0.00040244,1.0;
15795;
103,,N,2 0 0 0 0.0415 0.0015625,1.0;
705,,C,2 0 0 0 0.184 0.00040244,1.0;
1658;
153,,C,2 0 0 0 0.184 0.00040244,1.0;
343;
153,,C,2 0 0 0 0.184 0.00040244,1.0;
1971;
2457,,C,2 0 0 0 0.184 0.00040244,1.0;
3280;
45,,C,2 0 0 0 0.184 0.00040244,1.0;
7156;
261,,C,2 0 0 0 0.184 0.00040244,1.0;
938;
81,,C,2 0 0 0 0.184 0.00040244,1.0;
5417;
99,,C,2 0 0 0 0.184 0.00040244,1.0;
16181;
117,,C,2 0 0 0 0.184 0.00040244,1.0;
1625;
75,,C,2 0 0 0 0.184 0.00040244,1.0;
1094;
24,,C,2 0 0 0 0.184 0.00040244,1.0;
30,,N,2 0 0 0 0.0415 0.0015625,1.0;
5672;
150,,N,2 0 0 0 0.0415 0.0015625,1.0;
9861;
197,,N,2 0 0 0 0.0415 0.0015625,1.0;
6625;
259,,N,2 0 0 0 0.0415 0.0015625,1.0;
4821;
43,,N,2 0 0 0 0.0415 0.0015625,1.0;
21,,C,2 0 0 0 0.184 0.00040244,1.0;
101;
57,,C,2 0 0 0 0.184 0.00040244,1.0;
5524;
105,,C,2 0 0 0 0.184 0.00040244,1.0;
952,,N,2 0 0 0 0.0415 0.0015625,1.0;
6564;
103,,N,2 0 0 0 0.0415 0.0015625,1.0;
9629;
49,,N,2 0 0 0 0.0415 0.0015625,1.0;
14241;
201,,N,2 0 0 0 0.0415 0.0015625,1.0;
21,,C,2 0 0 0 0.184 0.00040244,1.0;
1122;
135,,C,2 0 0 0 0.184 0.00040244,1.0;
2482;
81,,C,2 0 0 0 0.184 0.00040244,1.0;
19455;
123,,C,2 0 0 0 0.184 0.00040244,1.0;
1942;
168,,C,2 0 0 0 0.184 0.00040244,1.0;
5435;
102,,C,2 0 0 0 0.184 0.00040244,1.0;
3244;
84,,C,2 0 0 0 0.184 0.00040244,1.0;
1932;
72,,C,2 0 0 0 0.184 0.00040244,1.0;
330;
75,,C,2 0 0 0 0.184 0.00040244,1.0;
3337;
96,,C,2 0 0 0 0.184 0.00040244,1.0;
461;
171,,C,2 0 0 0 0.184 0.00040244,1.0;
2172;
93,,C,2 0 0 0 0.184 0.00040244,1.0;
873;
174,,C,2 0 0 0 0.184 0.00040244,1.0;
1230;
57,,C,2 0 0 0 0.184 0.00040244,1.0;
242;
372,,C,2 0 0 0 0.184 0.00040244,1.0;
692;
128,,N,2 0 0 0 0.0415 0.0015625,1.0;
13613;
141,,C,2 0 0 0 0.184 0.00040244,1.0;
3139;
231,,C,2 0 0 0 0.184 0.00040244,1.0;
8675;
99,,C,2 0 0 0 0.184 0.00040244,1.0;
94;
105,,C,2 0 0 0 0.184 0.00040244,1.0;
133;
117,,C,2 0 0 0 0.184 0.00040244,1.0;
1491;
105,,C,2 0 0 0 0.184 0.00040244,1.0;
2994;
24,,C,2 0 0 0 0.184 0.00040244,1.0;
828;
240,,C,2 0 0 0 0.184 0.00040244,1.0;
949,,N,2 0 0 0 0.0415 0.0015625,1.0;
27,,C,2 0 0 0 0.184 0.00040244,1.0;
5566;
263,,N,2 0 0 0 0.0415 0.0015625,1.0;
659;
147,,N,2 0 0 0 0.0415 0.0015625,1.0;
20573;
3373,,N,2 0 0 0 0.0415 0.0015625,1.0;
102,,C,2 0 0 0 0.184 0.00040244,1.0;
2388;
135,,C,2 0 0 0 0.184 0.00040244,1.0;
4467;
405,,C,2 0 0 0 0.184 0.00040244,1.0;
1029;
114,,C,2 0 0 0 0.184 0.00040244,1.0;
8483;
144,,C,2 0 0 0 0.184 0.00040244,1.0;
1468;
105,,C,2 0 0 0 0.184 0.00040244,1.0;
5244;
93,,C,2 0 0 0 0.184 0.00040244,1.0;
3293;
207,,C,2 0 0 0 0.184 0.00040244,1.0;
2494;
417,,C,2 0 0 0 0.184 0.00040244,1.0;
34604;
156,,C,2 0 0 0 0.184 0.00040244,1.0;
3272;
183,,C,2 0 0 0 0.184 0.00040244,1.0;
2623;
123,,C,2 0 0 0 0.184 0.00040244,1.0;
3745;
123,,C,2 0 0 0 0.184 0.00040244,1.0;
37730;
120,,C,2 0 0 0 0.184 0.00040244,1.0;
1750;
174,,C,2 0 0 0 0.184 0.00040244,1.0;
29603;
327,,N,2 0 0 0 0.0415 0.0015625,1.0;
87;
87,,C,2 0 0 0 0.184 0.00040244,1.0;
4347;
234,,C,2 0 0 0 0.184 0.00040244,1.0;
3232;
180,,C,2 0 0 0 0.184 0.00040244,1.0;
37172;
21,,C,2 0 0 0 0.184 0.00040244,1.0;
113381;
21,,C,2 0 0 0 0.184 0.00040244,1.0;
104;
162,,C,2 0 0 0 0.184 0.00040244,1.0;
7,,N,2 0 0 0 0.0415 0.0015625,1.0;
26028;
207,,N,2 0 0 0 0.0415 0.0015625,1.0;
394;
111,,N,2 0 0 0 0.0415 0.0015625,1.0;
263;
134,,N,2 0 0 0 0.0415 0.0015625,1.0;
54615;
258,,N,2 0 0 0 0.0415 0.0015625,1.0;
15992;
210,,N,2 0 0 0 0.0415 0.0015625,1.0;
2096;
40,,N,2 0 0 0 0.0415 0.0015625,1.0;
174,,C,2 0 0 0 0.184 0.00040244,1.0;
11132;
45,,C,2 0 0 0 0.184 0.00040244,1.0;
471;
93,,C,2 0 0 0 0.184 0.00040244,1.0;
4733;
117,,C,2 0 0 0 0.184 0.00040244,1.0;
1043;
81,,C,2 0 0 0 0.184 0.00040244,1.0;
8983;
63,,C,2 0 0 0 0.184 0.00040244,1.0;
80;
144,,C,2 0 0 0 0.184 0.00040244,1.0;
3885;
111,,C,2 0 0 0 0.184 0.00040244,1.0;
87;
99,,C,2 0 0 0 0.184 0.00040244,1.0;
2431;
39,,C,2 0 0 0 0.184 0.00040244,1.0;
82;
54,,C,2 0 0 0 0.184 0.00040244,1.0;
103;
228,,C,2 0 0 0 0.184 0.00040244,1.0;
2412;
258,,C,2 0 0 0 0.184 0.00040244,1.0;
3585;
150,,C,2 0 0 0 0.184 0.00040244,1.0;
3558;
245,,N,2 0 0 0 0.0415 0.0015625,1.0;
2398;
306,,C,2 0 0 0 0.184 0.00040244,1.0;
4441;
103,,N,2 0 0 0 0.0415 0.0015625,1.0;
4690;
126,,C,2 0 0 0 0.184 0.00040244,1.0;
4001;
82,,N,2 0 0 0 0.0415 0.0015625,1.0;
9853;
156,,C,2 0 0 0 0.184 0.00040244,1.0;
4685;
153,,C,2 0 0 0 0.184 0.00040244,1.0;
29107;
105,,C,2 0 0 0 0.184 0.00040244,1.0;
521;
174,,C,2 0 0 0 0.184 0.00040244,1.0;
5317;
147,,C,2 0 0 0 0.184 0.00040244,1.0;
6227;
84,,C,2 0 0 0 0.184 0.00040244,1.0;
461;
87,,C,2 0 0 0 0.184 0.00040244,1.0;
1381;
357,,C,2 0 0 0 0.184 0.00040244,1.0;
974,,N,2 0 0 0 0.0415 0.0015625,1.0;
16351;
311,,N,2 0 0 0 0.0415 0.0015625,1.0;
84,,C,2 0 0 0 0.184 0.00040244,1.0;
6253;
105,,C,2 0 0 0 0.184 0.00040244,1.0;
5167;
30,,C,2 0 0 0 0.184 0.00040244,1.0;
583;
7,,N,2 0 0 0 0.0415 0.0015625,1.0;
120,,C,2 0 0 0 0.184 0.00040244,1.0;
1238;
177,,C,2 0 0 0 0.184 0.00040244,1.0;
6124;
96,,C,2 0 0 0 0.184 0.00040244,1.0;
7855;
57,,C,2 0 0 0 0.184 0.00040244,1.0;
745;
168,,C,2 0 0 0 0.184 0.00040244,1.0;
1681;
129,,C,2 0 0 0 0.184 0.00040244,1.0;
3700;
105,,C,2 0 0 0 0.184 0.00040244,1.0;
2594;
135,,C,2 0 0 0 0.184 0.00040244,1.0;
1100;
204,,C,2 0 0 0 0.184 0.00040244,1.0;
2362;
141,,C,2 0 0 0 0.184 0.00040244,1.0;
434;
4516,,N,0,1.0;
484,,N,2 0 0 0 0.0415 0.0015625,1.0;
222,,C,2 0 0 0 0.184 0.00040244,1.0;
1025,,N,0,1.0;
231,,C,2 0 0 0 0.184 0.00040244,1.0;
856,,N,0,1.0;
225,,C,2 0 0 0 0.184 0.00040244,1.0;
3758,,N,0,1.0;
138,,C,2 0 0 0 0.184 0.00040244,1.0;
3250,,N,0,1.0;
111,,C,2 0 0 0 0.184 0.00040244,1.0;
2467,,N,0,1.0;
204,,C,2 0 0 0 0.184 0.00040244,1.0;
3119,,N,0,1.0;
201,,C,2 0 0 0 0.184 0.00040244,1.0;
636,,N,0,1.0;
294,,C,2 0 0 0 0.184 0.00040244,1.0;
2067,,N,0,1.0;
270,,C,2 0 0 0 0.184 0.00040244,1.0;
1045,,N,0,1.0;
1554,,C,2 0 0 0 0.184 0.00040244,1.0;
172,,N,0,1.0;
111,,N,2 0 0 0 0.0415 0.0015625,1.0;
2031,,N,0,1.0;
648,,C,2 0 0 0 0.184 0.00040244,1.0;
4382,,N,0,1.0;
723,,C,2 0 0 0 0.184 0.00040244,1.0;
2127,,N,0,1.0;
450,,N,2 0 0 0 0.0415 0.0015625,1.0;
1034,,N,0,1.0;
345,,N,2 0 0 0 0.0415 0.0015625,1.0;
81,,C,2 0 0 0 0.184 0.00040244,1.0;
1800,,N,0,1.0;
105,,C,2 0 0 0 0.184 0.00040244,1.0;
5000,,N,0,1.0;
587,,N,0,1.0;
87,,C,2 0 0 0 0.184 0.00040244,1.0;
3431,,N,0,1.0;
81,,C,2 0 0 0 0.184 0.00040244,1.0;
3338,,N,0,1.0;
642,,C,2 0 0 0 0.184 0.00040244,1.0;
10,,N,2 0 0 0 0.0415 0.0015625,1.0;
2444,,N,0,1.0;
1209,,N,2 0 0 0 0.0415 0.0015625,1.0;
120,,C,2 0 0 0 0.184 0.00040244,1.0;
1217,,N,0,1.0;
2373;
141,,C,2 0 0 0 0.184 0.00040244,1.0;
1551;
159,,C,2 0 0 0 0.184 0.00040244,1.0;
1657;
138,,C,2 0 0 0 0.184 0.00040244,1.0;
3211;
165,,C,2 0 0 0 0.184 0.00040244,1.0;
1220;
132,,C,2 0 0 0 0.184 0.00040244,1.0;
3809;
159,,C,2 0 0 0 0.184 0.00040244,1.0;
1010;
111,,C,2 0 0 0 0.184 0.00040244,1.0;
1293;
144,,C,2 0 0 0 0.184 0.00040244,1.0;
3162;
144,,C,2 0 0 0 0.184 0.00040244,1.0;
2262;
153,,C,2 0 0 0 0.184 0.00040244,1.0;
966;
147,,C,2 0 0 0 0.184 0.00040244,1.0;
284;
168,,C,2 0 0 0 0.184 0.00040244,1.0;
1880;
252,,C,2 0 0 0 0.184 0.00040244,1.0;
1388;
114,,C,2 0 0 0 0.184 0.00040244,1.0;
2332;
150,,C,2 0 0 0 0.184 0.00040244,1.0;
3412;
108,,C,2 0 0 0 0.184 0.00040244,1.0;
61,,N,2 0 0 0 0.0415 0.0015625,1.0;
30249;
639,,N,2 0 0 0 0.0415 0.0015625,1.0;
93,,C,2 0 0 0 0.184 0.00040244,1.0;
3730;
75,,C,2 0 0 0 0.184 0.00040244,1.0;
168;
114,,C,2 0 0 0 0.184 0.00040244,1.0;
990;
84,,C,2 0 0 0 0.184 0.00040244,1.0;
1899;
45,,C,2 0 0 0 0.184 0.00040244,1.0;
1712;
150,,C,2 0 0 0 0.184 0.00040244,1.0;
4077;
150,,C,2 0 0 0 0.184 0.00040244,1.0;
2181;
138,,C,2 0 0 0 0.184 0.00040244,1.0;
1465;
114,,C,2 0 0 0 0.184 0.00040244,1.0;
8282;
63,,C,2 0 0 0 0.184 0.00040244,1.0;
1064;
84,,C,2 0 0 0 0.184 0.00040244,1.0;
9384;
105,,C,2 0 0 0 0.184 0.00040244,1.0;
17913;
21,,C,2 0 0 0 0.184 0.00040244,1.0;
17857;
96,,C,2 0 0 0 0.184 0.00040244,1.0;
1061;
121,,N,2 0 0 0 0.0415 0.0015625,1.0;
2845;
60,,C,2 0 0 0 0.184 0.00040244,1.0;
1719;
227,,N,2 0 0 0 0.0415 0.0015625,1.0;
69,,C,2 0 0 0 0.184 0.00040244,1.0;
406;
259,,N,2 0 0 0 0.0415 0.0015625,1.0;
12550;
153,,N,2 0 0 0 0.0415 0.0015625,1.0;
1573;
68,,N,2 0 0 0 0.0415 0.0015625,1.0;
6715;
277,,N,2 0 0 0 0.0415 0.0015625,1.0;
1394;
208,,N,2 0 0 0 0.0415 0.0015625,1.0;
3390;
519,,N,2 0 0 0 0.0415 0.0015625,1.0;
3474;
72,,N,2 0 0 0 0.0415 0.0015625,1.0;
61362;
104,,N,2 0 0 0 0.0415 0.0015625,1.0;
152;
366,,N,2 0 0 0 0.0415 0.0015625,1.0;
35835;
520,,N,2 0 0 0 0.0415 0.0015625,1.0;
1047,,C,2 0 0 0 0.184 0.00040244,1.0;
1613;
209,,N,2 0 0 0 0.0415 0.0015625,1.0;
308;
18,,C,2 0 0 0 0.184 0.00040244,1.0;
103,,N,2 0 0 0 0.0415 0.0015625,1.0;
272165;
338,,N,2 0 0 0 0.0415 0.0015625,1.0;
153701;
110,,N,2 0 0 0 0.0415 0.0015625,1.0;
100627;
85,,N,2 0 0 0 0.0415 0.0015625,1.0;
91574;
254,,N,2 0 0 0 0.0415 0.0015625,1.0;
28524;
144,,N,2 0 0 0 0.0415 0.0015625,1.0;
116455;
35,,N,2 0 0 0 0.0415 0.0015625,1.0;
141,,C,2 0 0 0 0.184 0.00040244,1.0;
108572;
48,,C,2 0 0 0 0.184 0.00040244,1.0;
65480;
813,,C,2 0 0 0 0.184 0.00040244,1.0;
37640;
252,,C,2 0 0 0 0.184 0.00040244,1.0;
19999;
171,,C,2 0 0 0 0.184 0.00040244,1.0;
40665;
233,,N,2 0 0 0 0.0415 0.0015625,1.0;
4020;
159,,C,2 0 0 0 0.184 0.00040244,1.0;
10369;
201,,C,2 0 0 0 0.184 0.00040244,1.0;
60102;
195,,C,2 0 0 0 0.184 0.00040244,1.0;
1660;
237,,C,2 0 0 0 0.184 0.00040244,1.0;
9321;
117,,C,2 0 0 0 0.184 0.00040244,1.0;
29959;
132,,C,2 0 0 0 0.184 0.00040244,1.0;
3258;
105,,C,2 0 0 0 0.184 0.00040244,1.0;
129585;
198,,C,2 0 0 0 0.184 0.00040244,1.0;
5798;
267,,C,2 0 0 0 0.184 0.00040244,1.0;
38969;
180,,C,2 0 0 0 0.184 0.00040244,1.0;
28450;
12,,C,2 0 0 0 0.184 0.00040244,1.0;
32611;
113,,N,2 0 0 0 0.0415 0.0015625,1.0;
51010;
135,,C,2 0 0 0 0.184 0.00040244,1.0;
9050;
153,,C,2 0 0 0 0.184 0.00040244,1.0;
43616;
144,,C,2 0 0 0 0.184 0.00040244,1.0;
2073;
117,,C,2 0 0 0 0.184 0.00040244,1.0;
2100;
120,,C,2 0 0 0 0.184 0.00040244,1.0;
21759;
147,,C,2 0 0 0 0.184 0.00040244,1.0;
12866;
162,,C,2 0 0 0 0.184 0.00040244,1.0;
1133;
177,,C,2 0 0 0 0.184 0.00040244,1.0;
92;
99,,C,2 0 0 0 0.184 0.00040244,1.0;
2500;
84,,C,2 0 0 0 0.184 0.00040244,1.0;
3635;
195,,C,2 0 0 0 0.184 0.00040244,1.0;
4196;
90,,C,2 0 0 0 0.184 0.00040244,1.0;
8660;
84,,C,2 0 0 0 0.184 0.00040244,1.0;
1111,,N,2 0 0 0 0.0415 0.0015625,1.0;
37613;
110,,N,2 0 0 0 0.0415 0.0015625,1.0;
