816
4713 0.000402108483356872
8307 0.000987676859324989
10836 0.00140147851176603
17228 0.00275218956577825
17325 0.00648421201551989
21377 0.0087406021576843
24649 0.0092793250635794
25199 0.00937301600372542
26497 0.00959943577576347
27598 0.00979462523449348
28478 0.0099663919581315
29975 0.0102865026703156
31447 0.0107003043226457
47631 0.0182033871138749
51996 0.0201787044356013
57326 0.0225990537230767
57973 0.0285406208449097
59559 0.0320774538360323
60463 0.0340918090495047
60522 0.0341074242061587
61066 0.0342323454597237
61457 0.0342401530380507
61990 0.0342479606163777
63965 0.0342713833514697
65188 0.0342869985081237
70801 0.0343260363998697
72571 0.0343416515565237
73708 0.0343494591349617
74970 0.0343650742916157
76110 0.0343728818699427
77265 0.0343806894482697
78768 0.0343884970267077
90413 0.0344821879668537
94562 0.0345134182801618
97839 0.0345446485935807
98107 0.0347710683656188
99360 0.035856321755847
104146 0.0424615330371401
104431 0.0427113755442701
105797 0.0434374803304573
106553 0.0434609030655493
107787 0.0434921333789683
109219 0.0434999409572953
113233 0.0435311712707143
114344 0.0435389788490413
115523 0.0435545940056953
118211 0.0445149261423585
118540 0.0446320398175965
118818 0.0446866928659965
118983 0.0447179231794155
120036 0.0450458414699266
122972 0.0483562546889001
123061 0.0483952925806461
123958 0.0484031001589732
127993 0.0484187153157381
129851 0.0484265228940651
131912 0.0484343304723921
135374 0.0484421380507191
136228 0.0484499456290462
156689 0.0485202138342112
161336 0.0485358289908652
162589 0.0485436365693031
167861 0.0485592517259572
169402 0.0485670593042842
175637 0.0485904820393761
179470 0.0485982896177032
185664 0.0486217123526842
188942 0.0486373275094492
195747 0.0486607502444302
199298 0.0486685578227572
201355 0.0486763654011952
203505 0.0486841729795222
205313 0.0486919805578492
209947 0.0487075957145032
211210 0.0487154032929412
213000 0.0487232108712682
215480 0.0487310184495952
218947 0.0487388260279222
220289 0.0487700563413412
220669 0.0488090942330872
221757 0.0489730533782872
222563 0.0494571232357823
226097 0.0524864636343178
227333 0.0525255015260638
231421 0.0525489242611558
232801 0.0525567318394828
234906 0.0525645394178098
235588 0.0525723469961369
236846 0.0525801545744639
238132 0.0525879621529018
245053 0.0526270000446478
247700 0.0526348076229748
249451 0.0526504227796289
255476 0.0526816530930479
261719 0.0527206909847939
262443 0.0527441137197749
262770 0.0527597288765399
265025 0.0529705334918129
265961 0.053103262323705
269610 0.053634177651273
271681 0.0541729005572791
274183 0.0578893078502558
274500 0.0583655701294239
274562 0.0584124155994969
280330 0.0598490100153281
285476 0.0668602153706243
288801 0.0674770140600114
289083 0.0675316671085224
289358 0.0675863201569224
291012 0.0678908157124525
299300 0.0694367162250838
299402 0.0694757541168298
304509 0.076760224714348
305755 0.0776424810675192
306733 0.0781265509250142
309915 0.0796412211242265
310164 0.0797661423777915
311687 0.0805234774773977
314695 0.0827330221496
316854 0.088362286137576
321495 0.0909153642569434
322147 0.0913135507526195
322790 0.0917663902966956
329473 0.0964509373047734
330096 0.0968022783303765
330682 0.0971380041992145
331670 0.0976533043701286
332397 0.0979890302390777
335930 0.099636429270182
339049 0.101096446420994
339848 0.101463402603362
340581 0.101806936050638
343013 0.102939034910829
343357 0.103095186477813
343778 0.103290375936432
346433 0.104516165736879
348314 0.105382806933396
349779 0.10606206624951
350298 0.106296293599986
351388 0.106803786192462
351749 0.106967745337773
354905 0.108419954910258
355202 0.108560491320478
361339 0.111410257417048
361503 0.114962705564825
366004 0.117070751718443
366689 0.117390862430627
369693 0.118788418954712
370218 0.119030453883515
372354 0.120029823911813
373208 0.12042801040749
377003 0.122192523113943
380060 0.123613502373009
380152 0.123652540264755
384435 0.125651280321462
384505 0.125901122828592
386238 0.132233068867775
386504 0.13235799012134
387062 0.132615640206797
389514 0.133755546645425
396567 0.140735521687302
398071 0.143304214963434
400452 0.190828944359883
403651 0.191539433989527
404213 0.191672162821419
409596 0.19332736943085
409894 0.19338202247925
409941 0.193389830057688
410528 0.193491328576161
413539 0.194006628747075
414894 0.19424085609744
416291 0.194475083447805
417078 0.194607812279697
423100 0.195638412621525
423470 0.195700873248252
424745 0.195919485441964
428044 0.196481631082951
430189 0.196848587265208
433777 0.197465385954595
434738 0.197629345099906
436649 0.197957263390528
437081 0.198027531595582
440884 0.198675560598388
445550 0.19947193358974
447809 0.199862312507089
455388 0.20115837051259
456729 0.201384790284739
456864 0.20140821301972
462475 0.20235292999973
471791 0.203930060825669
473687 0.204250171537964
474547 0.204390707948183
477572 0.204906008119097
477964 0.204968468745824
482156 0.205678958375357
483808 0.205960031195906
485559 0.206264526751436
487730 0.20663929051202
492727 0.207505931708538
494359 0.207787004528976
496967 0.211987481679558
501413 0.212760431935818
507331 0.21378322469932
507489 0.213806647434301
512329 0.214618635582418
519064 0.215727311707627
522294 0.216211381565122
525560 0.216703259000944
531098 0.217226366750185
533864 0.21740594105215
542291 0.217874395752991
542784 0.21790562606641
542970 0.217913433644737
543101 0.217921241223064
543358 0.217936856379718
543908 0.217968086693137
545649 0.21806958521161
545840 0.218093007946702
546421 0.218311620140413
547136 0.222043642590155
547284 0.22227786994052
549619 0.22252771244765
555319 0.223128895980272
555430 0.223238202077183
555708 0.223511467319294
556068 0.224987099626871
556591 0.228609815979702
558736 0.239595078713543
559758 0.254491938199091
559787 0.254913547429859
561324 0.277282259393216
562536 0.283184788623304
562706 0.283606397854072
562979 0.28383281762611
564501 0.284574537569062
564662 0.284652613352443
565079 0.2848556103895
566866 0.285722251586017
567250 0.285909633466309
567259 0.285917441044636
570006 0.287252536941994
572729 0.288579825260914
576997 0.290664448679441
579103 0.291695049021269
583457 0.295801835231595
589034 0.301064143037314
589130 0.301126603664041
589646 0.301274947652698
591319 0.301360831014517
592209 0.301376446171171
592428 0.301384253749498
593320 0.301392061327825
599900 0.30146232953299
600808 0.301470137111317
603464 0.301501367424736
604784 0.301509175003063
606142 0.301524790159717
608462 0.301563828051463
613434 0.301634096256628
613777 0.305256812609458
621334 0.305272427766223
626486 0.305288042922877
633278 0.311050035742745
636220 0.311057843321072
640040 0.311073458477837
642775 0.311081266056164
652181 0.311104688791145
660224 0.311128111526237
662669 0.311135919104564
666951 0.311143726682891
667952 0.311151534261218
675277 0.311167149417983
678175 0.31117495699631
683291 0.311190572152964
686998 0.311198379731291
692480 0.311213994888056
696714 0.311221802466383
697934 0.31122961004471
700248 0.311237417623037
704009 0.311245225201364
706019 0.311253032779802
723316 0.311299878249875
727584 0.311307685828202
729336 0.311315493406529
734063 0.311323300984856
735469 0.311331108563183
739479 0.311338916141621
742927 0.311346723719948
744415 0.311354531298275
747339 0.311362338876602
749161 0.311370146454929
752972 0.311377954033256
757915 0.311393569190021
762025 0.311401376768348
764772 0.311409184346675
769414 0.31142479950344
771925 0.311463837395075
773498 0.33270825807657
777710 0.339024588959098
777740 0.339048011694079
779221 0.339766308901939
784445 0.343638867762011
788123 0.344146360354487
790921 0.344528931693509
791305 0.344583584741909
793000 0.344825619670712
793092 0.344841234827366
793599 0.344911503032531
794105 0.344989578815912
795846 0.345286266793115
796837 0.345458033516753
805856 0.347230353801423
809092 0.347870575225902
809657 0.347979881322702
810329 0.348112610154594
813011 0.348635717903835
813927 0.3488152922058
815372 0.349104172604676
815476 0.34911978776133
818062 0.349627280353917
820174 0.350048889584574
821941 0.350400230610177
822601 0.350532959442069
822897 0.35058761249058
823116 0.350634457960653
823480 0.350712533744145
826997 0.351462061265424
833972 0.357021057048235
836233 0.359371138130657
837103 0.360932653799942
838068 0.364086915452042
838731 0.366273037389153
838890 0.366960104283594
838903 0.367139678585559
839278 0.37472083716028
839554 0.380959092259316
839592 0.381653966732195
840054 0.38626043795667
840646 0.388969667643022
841445 0.395887182058283
842717 0.40599799601728
849244 0.428265209462054
852496 0.433402596014207
853015 0.439227049460913
853592 0.440101498235758
853763 0.44034353316445
853879 0.440507492309761
855897 0.443224529574439
861124 0.447417199146584
864453 0.449985892422716
865055 0.450454347123446
865281 0.450626113847084
866630 0.451656714188913
866937 0.451890941539278
870668 0.454717284900756
871781 0.455560503362181
873112 0.456583296125682
874995 0.458090158746568
877218 0.460034245754875
877581 0.460377779202151
884415 0.466803416181479
884697 0.467068873845263
888299 0.47051201589624
888931 0.471113199428862
889080 0.471261543417519
889268 0.471441117719484
890857 0.473002633388769
893735 0.475836784328686
897921 0.479943570539011
903718 0.485650910310479
905044 0.486954775894419
906327 0.488219603586612
908216 0.489960693557862
908676 0.490335457318557
912530 0.493029071848144
913513 0.493700523585931
920011 0.497682388542802
921634 0.498275764497098
929802 0.501289489738979
931834 0.502039017260258
932543 0.502296667345715
934871 0.503147693385467
937944 0.504256369510788
945587 0.507020252245428
945786 0.507270094752558
945874 0.507387208427796
948143 0.512454326774785
951659 0.513945574239016
951966 0.514086110649235
954559 0.515460244438229
955536 0.515975544609143
956323 0.516389346261584
956491 0.516490844780057
956899 0.516740687287187
959257 0.518067975606107
964823 0.521222237258207
969551 0.52832713355365
970955 0.529802765861227
971756 0.530216567513557
973830 0.531294013325458
976606 0.532746222897943
980825 0.534932344835054
987878 0.537422962327583
989378 0.537946070076824
990863 0.538492600561157
991197 0.538617521814612
994532 0.539944810133643
995693 0.540405457256046
997403 0.540991025632014
998333 0.541217445404163
998937 0.541311136344309
1001367 0.541592209164747
1002128 0.541670284948239
1005834 0.542076279022242
1006032 0.542099701757334
1012204 0.542771153495121
1016906 0.543286453666035
1020971 0.543723678053457
1022575 0.543903252355422
1028477 0.544543473779791
1034252 0.545175887625943
1036138 0.545378884662889
1038999 0.545683380218419
1041835 0.545980068195622
1043334 0.546136219762495
1045367 0.546347024377879
1048849 0.546713980560247
1049464 0.546776441186974
1052216 0.54706532158585
1053089 0.547166820104323
1053313 0.547221473152723
1067015 0.553147425117902
1071962 0.553811069277362
1072050 0.553818876855689
1073104 0.553959413266019
1074747 0.554178025459619
1077651 0.554568404376968
1078413 0.555411622838504
1079110 0.556207995829856
1082384 0.55993221070116
1083579 0.561696723407613
1085260 0.57521164152573
1088888 0.644511706931241
1089520 0.645409578441066
1089883 0.645792149780088
1091041 0.645963916503726
1093472 0.646323065107656
1093988 0.646408948469475
1094066 0.64642456362624
1094582 0.646541677301367
1095184 0.647025747158862
1095900 0.647517624594684
1096116 0.648134423284182
1096701 0.651429221346391
1098673 0.651507297129883
1099690 0.651554142599956
1101422 0.651624410805121
1105096 0.651772754793667
1105132 0.651780562371994
1105258 0.651803985107086
1106277 0.652077250349197
1106319 0.652092865505962
1107230 0.653498229608374
1107506 0.653826147898885
1109557 0.65735517331157
1111230 0.660446974336943
1112001 0.661438536786915
1113338 0.662188064308194
1113484 0.662297370405105
1113768 0.662492559863724
1114530 0.663819848182644
1116838 0.667614331259224
1116943 0.66770802219937
1117178 0.668028132911554
1118162 0.669347613652147
1119737 0.669917566871461
1120573 0.671182394563654
1120765 0.671713309891222
1121933 0.671799193253041
1122305 0.67183042356646
1122699 0.671853846301442
1122900 0.671869461458206
1125946 0.672064650916825
1126230 0.672111496386898
1128641 0.673345093765673
1129041 0.67354809080273
1130224 0.673688627212949
1130681 0.673727665104695
1133197 0.673930662141752
1134753 0.673969700033387
1138055 0.674032160660225
1138630 0.674047775816879
1138990 0.674055583395206
1141084 0.674094621286952
1142611 0.674118044022044
1143193 0.674133659178698
1143560 0.674141466757025
1143724 0.682964030288847
1143813 0.687750075815398
1143969 0.687781306128817
1144408 0.687867189490636
1144808 0.687945265274017
1144837 0.687953072852455
1146423 0.688265375986312
1148143 0.688608909433588
1150763 0.689132017182718
1150945 0.689171055074464
1151601 0.689295976328029
1156862 0.690349999404839
1157234 0.690428075188331
1157283 0.690435882766658
1157359 0.690451497923312
1158086 0.690599841911969
1158256 0.690631072225388
1160193 0.691029258721064
1162692 0.691575789205286
1163181 0.691685095302197
1164238 0.691934937809216
1164412 0.691973975700962
1166071 0.69239558493173
1166720 0.692567351655368
1169220 0.693223188236501
1169602 0.693394954960028
1170101 0.693512068635266
1172919 0.694128867324653
1175364 0.694667590230548
1175530 0.694792511484113
1176038 0.69574503604245
1176780 0.697150400144862
1177863 0.699188178093315
1184098 0.712453253704412
1186108 0.723227711822869
1188374 0.730082765611292
1188927 0.735196729428465
1189264 0.735727644756033
1189723 0.736352251023748
1191586 0.738858483673042
1192798 0.744042715695269
1195907 0.748532073244617
1196712 0.749703209996664
1199341 0.753536730964878
1200979 0.75721410036622
1201532 0.758416467431575
1203925 0.763819311647513
1207432 0.771736196091073
1213601 0.785649300704976
1216735 0.792301357456342
1218427 0.793253882014678
1219771 0.793784797342246
1221287 0.794378173296542
1225399 0.795627385832081
1227272 0.796197339051395
1229843 0.79698590446442
1231203 0.79739970611675
1233118 0.797985274492718
1234481 0.798406883723486
1235109 0.798750417170762
1235127 0.798766032327416
1236129 0.799859093295971
1236291 0.800038667597937
1237447 0.803200736828364
1238919 0.807237254833636
1239196 0.807533942810839
1240018 0.808424006742337
1241428 0.809954292098314
1241545 0.810079213351879
1242121 0.810703819619593
1242625 0.811242542525488
1242987 0.811640729021164
1243756 0.812468332325936
1244777 0.813569200872818
1245364 0.814209422297297
1245954 0.814904296770065
1246796 0.817941444747039
1246969 0.81857385859308
1249611 0.828122526911089
1249705 0.828466060358365
1252334 0.830683412608784
1253918 0.832010700927815
1254161 0.832205890386434
1255334 0.833080339161278
1255381 0.83310376189637
1255652 0.833197452836516
1256433 0.833345796825062
1257474 0.833540986283681
1257969 0.833642484802265
1258102 0.833673715115684
1258550 0.83376740605583
1258827 0.833907942466049
1259518 0.834251475913325
1261798 0.834719930614055
1262654 0.838881369872892
1272504 0.840481923433923
1273186 0.840599037109162
1273829 0.840708343206072
1274330 0.840794226567891
1279696 0.841715520812809
1280245 0.841817019331282
1280755 0.841902902693101
1281352 0.842004401211574
1282128 0.842137130043466
1284612 0.842574354430888
1284721 0.842589969587542
1284749 0.84259777716598
1285072 0.84265243021438
1288281 0.843214575855367
1288382 0.843237998590348
1288460 0.843253613747113
1288821 0.843362919843913
1291131 0.843917257906573
1293637 0.844385712607303
1294365 0.844510633860868
1294684 0.844565286909268
1296506 0.844861974886471
1297576 0.845041549188436
1300259 0.845478773575858
1300817 0.845572464516004
1302175 0.845798884288042
1302700 0.846767024003033
1303488 0.848227041153956
1304176 0.849499676424476
1305536 0.852021524230424
1305940 0.852130830327335
1306018 0.852169868218971
1307681 0.853208276139126
1308840 0.853934380925424
1309864 0.859641720696781
1310119 0.861031469642539
1310499 0.862452448901605
1312594 0.865013334599411
1314205 0.86515387100963
1315598 0.865270984684868
1316457 0.865341252889922
1318837 0.865536442348652
1320559 0.865606710553706
1322532 0.865684786337198
1323218 0.865708209072179
1324447 0.865731631807271
1325037 0.865747246963925
1326787 0.865786284855671
1327638 0.865801900012436
1328280 0.86581751516909
1328467 0.865825322747417
1328845 0.865833130325744
1329472 0.865840937904071
1329491 0.865848745482509
1330246 0.865864360639163
1332814 0.865919013687563
1333238 0.865934628844328
1333310 0.866004897049382
1334471 0.868261287191657
1334714 0.868518937277003
1334784 0.868550167590422
1336503 0.869291887533374
1338634 0.86972130434247
1339174 0.869729111920796
1341302 0.869736919499124
1341761 0.869744727077451
1342986 0.869752534655778
1344836 0.869760342234215
1346042 0.869768149812542
1347605 0.86977595739087
1349517 0.869783764969197
1350768 0.869791572547524
1352568 0.869799380125961
1353745 0.869807187704289
1355276 0.869814995282616
1356533 0.869822802860942
1357597 0.86983061043927
1358704 0.869854033174361
1359332 0.869869648331016
1359841 0.869900878644435
1360068 0.870353718188511
1360115 0.870408371236911
1360376 0.870486447020403
1362861 0.871423356422085
1368564 0.873351828273627
1370578 0.8733986737437
1373262 0.873461134370538
1379215 0.87353921015403
1382806 0.873578248045776
1384051 0.873586055624103
1385615 0.873601670780757
1386598 0.873609478359084
1388104 0.873625093515849
1389337 0.873632901094176
1391740 0.87364851625083
1393703 0.873671938985922
1394957 0.873679746564249
1397108 0.873695361720903
1397435 0.877310270495407
1404166 0.877325885652172
1410370 0.877333693230499
1413304 0.877341500808826
1413717 0.917995561260197
1417265 0.918003368838524
1418917 0.921704160974957
1418982 0.929019861885784
1421940 0.929441471116552
1422102 0.929449278694879
1434864 0.929457086273206
1453292 0.929464893851533
1474704 0.92947270142986
1488935 0.929480509008298
1703616 0.929605430261752
1704523 0.930034847070847
1712912 0.934063557497792
1715362 0.934118210546192
1719529 0.934133825702957
1722960 0.934149440859611
1725134 0.934157248437938
1727108 0.934165056016265
1727879 0.934172863594592
1731958 0.934188478751357
1736419 0.934204093908011
1738084 0.934211901486338
1738992 0.934219709064665
1740582 0.934227516643103
1741972 0.937975154249498
1749972 0.937982961827825
1754686 0.937990769406152
1764726 0.937998576984479
1769186 0.938006384562917
1775582 0.94995197943331
1778166 0.949967594590075
1781191 0.949983209746729
1784566 0.949998824903494
1786582 0.950006632481821
1787456 0.950014440060148
1792086 0.950037862795129
1793560 0.950045670373567
1801795 0.950084708265202
1806106 0.950108131000294
1806691 0.950115938578621
1807065 0.955104981142229
1809022 0.955198672082375
1811499 0.95532359333594
1813939 0.955698357096524
1814602 0.957806403250143
1815221 0.959773912993542
1815740 0.961421312024646
1815780 0.961475965073157
1815923 0.961507195386465
1816353 0.96152281054323
1817204 0.961554040856538
1817411 0.961561848434976
1820467 0.961671154531776
1823256 0.961772653050249
1823889 0.961796075785341
1825531 0.962038110714033
1826649 0.964036850770852
1826735 0.964185194759398
1828602 0.967573683761863
1833333 0.968815088719076
1840288 0.970642062052145
1840482 0.970696715100656
1842402 0.971196400114805
1848025 0.972679840000709
1848245 0.972742300627436
1849599 0.973093641653039
1852317 0.973811938860899
1856832 0.975006498348039
1858511 0.975451530313788
1859011 0.975576451567353
1859534 0.975716987977572
1860978 0.976099559316483
1861129 0.976138597208229
1865318 0.977223850598457
1866118 0.977434655213841
1869494 0.978309103988685
1871711 0.978879057207999
1873352 0.979300666438656
1875802 0.980284421310411
1875981 0.980698222962742
1876867 0.982306584102211
1877618 0.98366510273455
1880327 0.988521416466155
1880855 0.989489556181145
1881099 0.989950203303659
1881147 0.990043894243805
1881284 0.990106354870532
1882063 0.990121970027297
1884637 0.990465503474462
1891335 0.991503911394617
1891701 0.991644447804837
1893512 0.992737508773392
1894906 0.993900837947112
1896579 0.993908645525439
1897474 0.993916453103766
1899480 0.993924260682093
1907925 0.993955490995512
1910055 0.993963298573839
1912904 0.993971106152166
1915431 0.99398672130882
1918757 0.993994528887258
1923785 0.994017951622239
1925792 0.994025759200566
1928183 0.994033566779004
1929181 0.994041374357331
1932056 0.994049181935658
1933910 0.994142872875804
1935889 0.999811174755526
1937453 0.999818982333853
1939427 0.99982678991218
1944608 0.999842405068945
1946370 0.999850212647272
1949274 0.999858020225599
1959713 0.999889250539018
1960622 0.999897058117345
1963158 0.999904865695672
1965616 0.999912673273999
1971550 0.999928288430764
1976280 0.999943903587418
1978900 0.999951711165745
1980536 0.999959518744072
1982347 1.0
