/netapp/home/lawrence.uricchio/rotations/hernandez/software/sfs_code/bin/sfs_code 3 10 -N 100 -n 20 -A -t 0.001 -r F /netapp/home/lawrence.uricchio/sfs_coder/scripts/running_simulations/input_files/sfscode_rec_chr1_4190291-4195373.txt 0.001 -TS 0.265753 0 1 -TS 0.342466 1 2 -TE 0.405479 -Td 0 P 0 1.982738 -Td 0.265753 P 1 0.128575 -Td 0.342466 P 1 0.554541 -Tg 0.342466 P 1 44.822 -Td 0.342466 P 2 0.29554 -Tg 0.342466 P 2 70.08 -Tm 0.265753 P 0 1 4.3422 -Tm 0.265753 P 1 0 0.5583 -Tm 0.342466 L 0.7237 0.225794 0.09305 0.115754 0.00858 0.03421 -Tg 0.391465 P 0 242.36 -Tg 0.391465 P 1 284.7 -a F /netapp/home/lawrence.uricchio/sfs_coder/scripts/running_simulations/input_files/sfscode_annotation_chr1_4190291-4195373_CDSbuff_SEL.txt -s 15144 -o /netapp/home/lawrence.uricchio/sfs_coder/scripts/running_simulations/sims/snm/snm.1.txt 
SEED = -15144
//iteration:1/10
Nc:7517,9512,716;
MALES:10,10,10;

//iteration:2/10
Nc:7517,9512,716;
MALES:10,10,10;
2,A,55,81,81,ACT,A,0,X,X,-2.747557e-17,1,2.6;6,A,9,-125,81,TCA,T,0,X,X,-2.516835e-12,77,0.0,0.1,0.2,0.4,0.8,0.10,0.11,0.12,0.19,0.21,0.22,0.23,0.24,0.25,0.30,0.31,0.32,0.35,0.36,0.38,1.0,1.2,1.8,1.9,1.10,1.11,1.13,1.14,1.15,1.16,1.17,1.19,1.20,1.24,1.25,1.27,1.28,1.31,1.33,2.0,2.1,2.2,2.3,2.4,2.5,2.6,2.7,2.8,2.9,2.10,2.11,2.12,2.13,2.14,2.15,2.16,2.17,2.18,2.19,2.20,2.21,2.22,2.23,2.24,2.25,2.26,2.27,2.28,2.29,2.30,2.31,2.32,2.33,2.34,2.35,2.37,2.39;7,A,74,78,81,CGT,C,0,X,X,-3.235749e-07,1,0.23;
//iteration:3/10
Nc:7517,9512,716;
MALES:10,10,10;
2,A,6,-82,81,AAG,G,0,X,X,-3.348304e-28,2,0.27,0.39;2,A,50,35,81,CCT,A,0,X,X,-1.573098e-03,20,0.22,0.25,2.0,2.2,2.8,2.12,2.13,2.15,2.17,2.18,2.22,2.23,2.24,2.25,2.31,2.33,2.35,2.36,2.38,2.39;2,A,101,73,81,GCC,G,0,X,X,-1.758827e-29,3,0.4,0.7,0.17;6,A,9,-525,81,TCA,T,0,X,X,-2.516835e-12,78,0.1,0.2,0.4,0.6,0.7,0.9,0.10,0.11,0.13,0.14,0.16,0.17,0.18,0.19,0.21,0.23,0.24,0.27,0.29,0.34,0.36,0.38,0.39,1.0,1.1,1.2,1.3,1.4,1.5,1.6,1.7,1.9,1.10,1.11,1.12,1.13,1.14,1.15,1.16,1.17,1.18,1.19,1.20,1.21,1.22,1.23,1.24,1.25,1.26,1.27,1.28,1.29,1.31,1.32,1.33,1.34,1.35,1.36,1.37,1.38,1.39,2.3,2.4,2.5,2.6,2.7,2.11,2.14,2.16,2.19,2.21,2.23,2.26,2.27,2.30,2.32,2.34,2.37;
//iteration:4/10
Nc:7517,9512,716;
MALES:10,10,10;
2,A,6,-482,81,AAG,G,0,X,X,-3.348304e-28,70,0.0,0.4,0.5,0.7,0.9,0.10,0.11,0.12,0.14,0.15,0.17,0.18,0.19,0.21,0.22,0.23,0.25,0.26,0.27,0.29,0.30,0.31,0.33,0.34,0.35,0.36,0.37,0.38,0.39,1.0,1.1,1.2,1.3,1.4,1.5,1.6,1.7,1.8,1.9,1.10,1.11,1.12,1.13,1.14,1.15,1.16,1.17,1.18,1.19,1.20,1.21,1.22,1.23,1.24,1.25,1.26,1.27,1.28,1.29,1.30,1.31,1.32,1.33,1.34,1.35,1.36,1.37,1.38,1.39,2.-1;2,A,103,80,81,GAN,T,0,X,X,-9.537569e-33,1,2.34;7,A,0,-16,81,NTC,G,0,X,X,-2.306089e-12,1,0.7;
//iteration:5/10
Nc:7517,9512,716;
MALES:10,10,10;
2,A,93,66,81,TTC,G,0,X,X,-8.776392e-06,2,0.6,0.26;4,A,5,79,81,AGT,C,0,X,X,-1.216160e-06,1,1.5;
//iteration:6/10
Nc:7517,9512,716;
MALES:10,10,10;
2,A,49,64,81,TGC,T,0,X,X,-1.048911e-05,5,2.8,2.21,2.25,2.30,2.33;5,A,9,-242,81,GGG,A,0,X,X,-9.607226e-15,8,0.2,0.7,0.8,0.19,0.20,0.23,0.26,0.30;
//iteration:7/10
Nc:7517,9512,716;
MALES:10,10,10;
0,A,0,68,81,NGG,T,0,X,X,-1.645016e-25,1,0.14;
//iteration:8/10
Nc:7517,9512,716;
MALES:10,10,10;

//iteration:9/10
Nc:7517,9512,716;
MALES:10,10,10;

//iteration:10/10
Nc:7517,9512,716;
MALES:10,10,10;
4,A,7,74,81,CAC,T,0,X,X,-1.010542e-17,3,0.6,0.16,0.22;7,A,43,67,81,CCT,T,0,X,X,-7.774774e-05,2,2.9,2.22;
